VITE_API_KEY=3b4dc191dc9f04a8454c245bae9646b6263392b271d19ea04206797b8ab94e58

VITE_KAKAO_API_KEY="5879852133b3c13ea0718260498b319f"
VITE_DEFAULT_LATITUDE=37.566535
VITE_DEFAULT_LONGITUDE=126.977969